0.5	0.05	6.01122E+00	3.18119E+00	3.21262E+00	2.75561E+00	5.33089E+00	6.10549E+00	4.34522E+00	6.51774E+00	4.27952E+00
0.5	0.10	3.59139E+00	1.71168E+00	1.74222E+00	1.46378E+00	3.14906E+00	3.61484E+00	2.72907E+00	3.74036E+00	2.82404E+00
0.5	0.15	2.76938E+00	1.54919E+00	1.57789E+00	1.26450E+00	2.35943E+00	2.66849E+00	2.15567E+00	2.69816E+00	2.23802E+00
0.5	0.20	2.37900E+00	1.55718E+00	1.57015E+00	1.19060E+00	1.90615E+00	2.11304E+00	1.83494E+00	2.12162E+00	1.88063E+00
0.5	0.25	2.14953E+00	1.60447E+00	1.59441E+00	1.14781E+00	1.59783E+00	1.73829E+00	1.61742E+00	1.75678E+00	1.62670E+00
0.5	0.30	1.97715E+00	1.64533E+00	1.61101E+00	1.11139E+00	1.38383E+00	1.47241E+00	1.45437E+00	1.51038E+00	1.43203E+00
0.5	0.35	1.81667E+00	1.65853E+00	1.61187E+00	1.07947E+00	1.24791E+00	1.29395E+00	1.32607E+00	1.33824E+00	1.27687E+00
0.5	0.40	1.64714E+00	1.63421E+00	1.59529E+00	1.05353E+00	1.16061E+00	1.19443E+00	1.22166E+00	1.21473E+00	1.14936E+00
0.5	0.45	1.46087E+00	1.56228E+00	1.56626E+00	1.03976E+00	1.11713E+00	1.14950E+00	1.13550E+00	1.12506E+00	1.04276E+00
0.5	0.50	1.25729E+00	1.43808E+00	1.52789E+00	1.04172E+00	1.14504E+00	1.17224E+00	1.06260E+00	1.05851E+00	9.51514E-01
0.5	0.55	1.04283E+00	1.26752E+00	1.48323E+00	1.06530E+00	1.27626E+00	1.36040E+00	9.99357E-01	1.00783E+00	8.72008E-01
0.5	0.60	8.26514E-01	1.05942E+00	1.43471E+00	1.11581E+00	1.51043E+00	1.60787E+00	9.46311E-01	9.71265E-01	8.05140E-01
0.5	0.65	6.19755E-01	8.32370E-01	1.38452E+00	1.20062E+00	1.79183E+00	1.69118E+00	8.99928E-01	9.43772E-01	7.49543E-01
0.5	0.70	4.33373E-01	6.08450E-01	1.33416E+00	1.32086E+00	2.04773E+00	2.03641E+00	8.58986E-01	9.23158E-01	7.08307E-01
0.5	0.75	2.76425E-01	4.07132E-01	1.28491E+00	1.51956E+00	2.24742E+00	2.43317E+00	8.22723E-01	9.08014E-01	6.89622E-01
0.5	0.80	1.55165E-01	2.45317E-01	1.23671E+00	1.78778E+00	2.30870E+00	2.31648E+00	7.91331E-01	8.98237E-01	6.63307E-01
0.5	0.85	7.16361E-02	1.29846E-01	1.18982E+00	2.18874E+00	2.70169E+00	2.54870E+00	7.63305E-01	8.91985E-01	6.39816E-01
0.5	0.90	2.34215E-02	5.74112E-02	1.14523E+00	2.93846E+00	2.28679E+00	2.37021E+00	7.38092E-01	8.88519E-01	6.18682E-01
0.5	0.95	3.40396E-03	1.69914E-02	1.10380E+00	5.50195E+00	2.10810E+00	2.77163E+00	7.15327E-01	8.87371E-01	5.99600E-01
1	0.05	9.28482E+00	6.85316E+00	6.87940E+00	6.37139E+00	8.41160E+00	8.98799E+00	5.84481E+00	7.37265E+00	5.75644E+00
1	0.10	5.20707E+00	3.94895E+00	3.99389E+00	3.65839E+00	4.88076E+00	5.32783E+00	3.30908E+00	3.99504E+00	3.42424E+00
1	0.15	3.75385E+00	3.03451E+00	3.09531E+00	2.77530E+00	3.53546E+00	3.77916E+00	2.37399E+00	2.73426E+00	2.46468E+00
1	0.20	3.00554E+00	2.56851E+00	2.63901E+00	2.31142E+00	2.75064E+00	2.91019E+00	1.93010E+00	2.12569E+00	1.97816E+00
1	0.25	2.52711E+00	2.26483E+00	2.34331E+00	2.01003E+00	2.24493E+00	2.34137E+00	1.63337E+00	1.73071E+00	1.64275E+00
1	0.30	2.16652E+00	2.02634E+00	2.11588E+00	1.78558E+00	1.88844E+00	1.94180E+00	1.41058E+00	1.44971E+00	1.38891E+00
1	0.35	1.86193E+00	1.81400E+00	1.92145E+00	1.60433E+00	1.62601E+00	1.65172E+00	1.23647E+00	1.24339E+00	1.19060E+00
1	0.40	1.58642E+00	1.60896E+00	1.74610E+00	1.45188E+00	1.41969E+00	1.43792E+00	1.09454E+00	1.08606E+00	1.02976E+00
1	0.45	1.32856E+00	1.40105E+00	1.58390E+00	1.32166E+00	1.25976E+00	1.27077E+00	9.76363E-01	9.63252E-01	8.96620E-01
1	0.50	1.08522E+00	1.18709E+00	1.43258E+00	1.21016E+00	1.10033E+00	1.16449E+00	8.74819E-01	8.63813E-01	7.83362E-01
1	0.55	8.58022E-01	9.70133E-01	1.29149E+00	1.11628E+00	1.07202E+00	1.09419E+00	7.88855E-01	7.83935E-01	6.88330E-01
1	0.60	6.50642E-01	7.57146E-01	1.16069E+00	1.03961E+00	1.03463E+00	1.08515E+00	7.13681E-01	7.17046E-01	6.07213E-01
1	0.65	4.68176E-01	5.58716E-01	1.04017E+00	9.79989E-01	8.81671E-01	1.07610E+00	6.48993E-01	6.61667E-01	5.40541E-01
1	0.70	3.14776E-01	3.85227E-01	9.30274E-01	9.38919E-01	1.00938E+00	1.06278E+00	5.92182E-01	6.14441E-01	4.88304E-01
1	0.75	1.93279E-01	2.44303E-01	8.30668E-01	9.17360E-01	1.03563E+00	1.09263E+00	5.42262E-01	5.73920E-01	4.54534E-01
1	0.80	1.04397E-01	1.39809E-01	7.41016E-01	9.18685E-01	8.82365E-01	1.22747E+00	4.98600E-01	5.39232E-01	4.17936E-01
1	0.85	4.62570E-02	7.02234E-02	6.60889E-01	9.54077E-01	5.27143E-01	9.22888E-01	4.59851E-01	5.08860E-01	3.85455E-01
1	0.90	1.44164E-02	2.92307E-02	5.89464E-01	1.07587E+00	1.11673E+00	8.38364E-01	4.25402E-01	4.82129E-01	3.56580E-01
1	0.95	1.96907E-03	7.89037E-03	5.25874E-01	1.63245E+00	8.61063E-01	8.81603E-01	3.94959E-01	4.58776E-01	3.31062E-01
2	0.05	1.04415E+01	8.69181E+00	8.70799E+00	8.36713E+00	1.03894E+01	1.08859E+01	7.70600E+00	8.74266E+00	7.58948E+00
2	0.10	5.46900E+00	4.77569E+00	4.80655E+00	4.58898E+00	5.59274E+00	6.00088E+00	4.05377E+00	4.51080E+00	4.19484E+00
2	0.15	3.71284E+00	3.36961E+00	3.41285E+00	3.22552E+00	3.81052E+00	4.04348E+00	2.78194E+00	3.02943E+00	2.88821E+00
2	0.20	2.79805E+00	2.60917E+00	2.66269E+00	2.49072E+00	2.80663E+00	2.93318E+00	2.08514E+00	2.22051E+00	2.13706E+00
2	0.25	2.20735E+00	2.10334E+00	2.16690E+00	2.00929E+00	2.15056E+00	2.22714E+00	1.59251E+00	1.65953E+00	1.60165E+00
2	0.30	1.77174E+00	1.72300E+00	1.79771E+00	1.65620E+00	1.69506E+00	1.73283E+00	1.28716E+00	1.31487E+00	1.26739E+00
2	0.35	1.42470E+00	1.41557E+00	1.50364E+00	1.38003E+00	1.36278E+00	1.37574E+00	1.05570E+00	1.05987E+00	1.01653E+00
2	0.40	1.13640E+00	1.15510E+00	1.25962E+00	1.15516E+00	1.10720E+00	1.10861E+00	8.74354E-01	8.65393E-01	8.22602E-01
2	0.45	8.92177E-01	9.28009E-01	1.05246E+00	9.67846E-01	9.08673E-01	9.04455E-01	7.27552E-01	7.12296E-01	6.68130E-01
2	0.50	6.84421E-01	7.27561E-01	8.74453E-01	8.09663E-01	7.45845E-01	7.41913E-01	6.05830E-01	5.88713E-01	5.42495E-01
2	0.55	5.09112E-01	5.51856E-01	7.20937E-01	6.75478E-01	6.18331E-01	6.12718E-01	5.05163E-01	4.88863E-01	4.40790E-01
2	0.60	3.63832E-01	4.00947E-01	5.89411E-01	5.62309E-01	5.14852E-01	5.10495E-01	4.23074E-01	4.09016E-01	3.59960E-01
2	0.65	2.47019E-01	2.76144E-01	4.77473E-01	4.67383E-01	4.31598E-01	4.29011E-01	3.52967E-01	3.41883E-01	2.93984E-01
2	0.70	1.56740E-01	1.78062E-01	3.83064E-01	3.88529E-01	3.67646E-01	3.72095E-01	2.95223E-01	2.87240E-01	2.43436E-01
2	0.75	9.07597E-02	1.05797E-01	3.04544E-01	3.24079E-01	3.20242E-01	3.04485E-01	2.45238E-01	2.40235E-01	2.05563E-01
2	0.80	4.60884E-02	5.67413E-02	2.40042E-01	2.72484E-01	2.85809E-01	2.61007E-01	2.04923E-01	2.02522E-01	1.71770E-01
2	0.85	1.90726E-02	2.66243E-02	1.87591E-01	2.33304E-01	2.45145E-01	2.16497E-01	1.71037E-01	1.70831E-01	1.43367E-01
2	0.90	5.47190E-03	1.02062E-02	1.45413E-01	2.11131E-01	1.46619E-01	2.27591E-01	1.42574E-01	1.44134E-01	1.19508E-01
2	0.95	6.62363E-04	2.41066E-03	1.11843E-01	2.41305E-01	1.78586E-01	1.78586E-01	1.18211E-01	1.21112E-01	9.90864E-02
5	0.05	1.21770E+01	1.11764E+01	1.11854E+01	1.10010E+01	1.31599E+01	1.37171E+01	1.01761E+01	1.07323E+01	1.00223E+01
5	0.10	5.82790E+00	5.50670E+00	5.52277E+00	5.41646E+00	6.34769E+00	6.70845E+00	4.98323E+00	5.21826E+00	5.15665E+00
5	0.15	3.72089E+00	3.58279E+00	3.60458E+00	3.52153E+00	4.00318E+00	4.22087E+00	3.24041E+00	3.36607E+00	3.36419E+00
5	0.20	2.65005E+00	2.58006E+00	2.60678E+00	2.53728E+00	2.77508E+00	2.88612E+00	2.30126E+00	2.36978E+00	2.35857E+00
5	0.25	1.97439E+00	1.93908E+00	1.97051E+00	1.91220E+00	2.00388E+00	2.06187E+00	1.70566E+00	1.74049E+00	1.71545E+00
5	0.30	1.49459E+00	1.48221E+00	1.51842E+00	1.47039E+00	1.47983E+00	1.50753E+00	1.28641E+00	1.30056E+00	1.26665E+00
5	0.35	1.13216E+00	1.13626E+00	1.17741E+00	1.13895E+00	1.10799E+00	1.11611E+00	9.81411E-01	9.83138E-01	9.45003E-01
5	0.40	8.50089E-01	8.64899E-01	9.11230E-01	8.81551E-01	8.34352E-01	8.32842E-01	7.51288E-01	7.45978E-01	7.06820E-01
5	0.45	6.27985E-01	6.48033E-01	6.99510E-01	6.77723E-01	6.27147E-01	6.22072E-01	5.62434E-01	5.53836E-01	5.16498E-01
5	0.50	4.53219E-01	4.73851E-01	5.29781E-01	5.14845E-01	4.68164E-01	4.62472E-01	4.30974E-01	4.21169E-01	3.85919E-01
5	0.55	3.17142E-01	3.35263E-01	3.94096E-01	3.84918E-01	3.46601E-01	3.41632E-01	3.26663E-01	3.17080E-01	2.85036E-01
5	0.60	2.13163E-01	2.27303E-01	2.87042E-01	2.82474E-01	2.54420E-01	2.50435E-01	2.44191E-01	2.35656E-01	2.07762E-01
5	0.65	1.36029E-01	1.46209E-01	2.03885E-01	2.02791E-01	1.84572E-01	1.81695E-01	1.79796E-01	1.72684E-01	1.49750E-01
5	0.70	8.10560E-02	8.80700E-02	1.40803E-01	1.42144E-01	1.32355E-01	1.30165E-01	1.30120E-01	1.24512E-01	1.07295E-01
5	0.75	4.39717E-02	4.88854E-02	9.42635E-02	9.71313E-02	9.35727E-02	9.24121E-02	9.22156E-02	8.80109E-02	7.72968E-02
5	0.80	2.08342E-02	2.44648E-02	6.09308E-02	6.45972E-02	6.76298E-02	6.39434E-02	6.34770E-02	6.04914E-02	5.32076E-02
5	0.85	7.98287E-03	1.06663E-02	3.78852E-02	4.19138E-02	4.41386E-02	4.49521E-02	4.23142E-02	4.03065E-02	3.54685E-02
5	0.90	2.08823E-03	3.74092E-03	2.25566E-02	2.69953E-02	3.75615E-02	3.16498E-02	2.69871E-02	2.57225E-02	2.26211E-02
5	0.95	2.21537E-04	7.68574E-04	1.27367E-02	1.91855E-02	2.15050E-02	2.10774E-02	1.64244E-02	1.56802E-02	1.37672E-02
10	0.05	1.32226E+01	1.26176E+01	1.26229E+01	1.24801E+01	1.47955E+01	1.54647E+01	1.16555E+01	1.19756E+01	1.14793E+01
10	0.10	6.00749E+00	5.85033E+00	5.85937E+00	5.78166E+00	6.71689E+00	7.06747E+00	5.47385E+00	5.60475E+00	5.66434E+00
10	0.15	3.70933E+00	3.65319E+00	3.66515E+00	3.60739E+00	4.05756E+00	4.25855E+00	3.45613E+00	3.52498E+00	3.58815E+00
10	0.20	2.56421E+00	2.53907E+00	2.55352E+00	2.50738E+00	2.71473E+00	2.81793E+00	2.39392E+00	2.43113E+00	2.45353E+00
10	0.25	1.85530E+00	1.84505E+00	1.86180E+00	1.82476E+00	1.89772E+00	1.94858E+00	1.72516E+00	1.74390E+00	1.73507E+00
10	0.30	1.36372E+00	1.36418E+00	1.38314E+00	1.35393E+00	1.35536E+00	1.37790E+00	1.26620E+00	1.27374E+00	1.24675E+00
10	0.35	1.00278E+00	1.01142E+00	1.03249E+00	1.01013E+00	9.78451E-01	9.84475E-01	9.35729E-01	9.36565E-01	9.01015E-01
10	0.40	7.30557E-01	7.44060E-01	7.67113E-01	7.50667E-01	7.07943E-01	7.05911E-01	6.91229E-01	6.88297E-01	6.50316E-01
10	0.45	5.23384E-01	5.38394E-01	5.63174E-01	5.51727E-01	5.09053E-01	5.04366E-01	5.07141E-01	5.02392E-01	4.65721E-01
10	0.50	3.66080E-01	3.79967E-01	4.05829E-01	3.98450E-01	3.61299E-01	3.56544E-01	3.67594E-01	3.62298E-01	3.29164E-01
10	0.55	2.48091E-01	2.59258E-01	2.85356E-01	2.81157E-01	2.52852E-01	2.48901E-01	2.61977E-01	2.56922E-01	2.28593E-01
10	0.60	1.61345E-01	1.69442E-01	1.94616E-01	1.92751E-01	1.74029E-01	1.71096E-01	1.82592E-01	1.78215E-01	1.55353E-01
10	0.65	9.95153E-02	1.04973E-01	1.28006E-01	1.27713E-01	1.17403E-01	1.15360E-01	1.22020E-01	1.18557E-01	1.01630E-01
10	0.70	5.72165E-02	6.08628E-02	8.06716E-02	8.13116E-02	7.72188E-02	7.61243E-02	8.01786E-02	7.75751E-02	6.61140E-02
10	0.75	2.98826E-02	3.24840E-02	4.83661E-02	4.94423E-02	4.95334E-02	4.86254E-02	5.03316E-02	4.85090E-02	4.21889E-02
10	0.80	1.35844E-02	1.56093E-02	2.73225E-02	2.84886E-02	3.10340E-02	3.09362E-02	2.98126E-02	2.86333E-02	2.49895E-02
10	0.85	4.96642E-03	6.50762E-03	1.43902E-02	1.54638E-02	1.90031E-02	1.90195E-02	1.62830E-02	1.55912E-02	1.36487E-02
10	0.90	1.22701E-03	2.15962E-03	6.93786E-03	7.89473E-03	1.11343E-02	1.11807E-02	7.95182E-03	7.59419E-03	6.66536E-03
10	0.95	1.19858E-04	4.06662E-04	2.93583E-03	3.98097E-03	6.49873E-03	7.14080E-03	3.28639E-03	3.13189E-03	2.75471E-03
20	0.05	1.40731E+01	1.37618E+01	1.37648E+01	1.36890E+01	1.61096E+01	1.68758E+01	1.27128E+01	1.28877E+01	1.25206E+01
20	0.10	6.12973E+00	6.08199E+00	6.08688E+00	6.04752E+00	6.98018E+00	7.32752E+00	5.78355E+00	5.85318E+00	5.98482E+00
20	0.15	3.68502E+00	3.68075E+00	3.68709E+00	3.65894E+00	4.08450E+00	4.27080E+00	3.56904E+00	3.60506E+00	3.70538E+00
20	0.20	2.48876E+00	2.49109E+00	2.49864E+00	2.47692E+00	2.66131E+00	2.75637E+00	2.42250E+00	2.44173E+00	2.48282E+00
20	0.25	1.76113E+00	1.76592E+00	1.77456E+00	1.75769E+00	1.81644E+00	1.86210E+00	1.71215E+00	1.72174E+00	1.72198E+00
20	0.30	1.26649E+00	1.27459E+00	1.28421E+00	1.27133E+00	1.26679E+00	1.28566E+00	1.23197E+00	1.23579E+00	1.21305E+00
20	0.35	9.11252E-01	9.22373E-01	9.32876E-01	9.23333E-01	8.91418E-01	8.95794E-01	8.91445E-01	8.91838E-01	8.58374E-01
20	0.40	6.49578E-01	6.62192E-01	6.73427E-01	6.66649E-01	6.27114E-01	6.24792E-01	6.43131E-01	6.41636E-01	6.05065E-01
20	0.45	4.55131E-01	4.67322E-01	4.79080E-01	4.74543E-01	4.37133E-01	4.32788E-01	4.59301E-01	4.56916E-01	4.21788E-01
20	0.50	3.11230E-01	3.21396E-01	3.33335E-01	3.30543E-01	2.99656E-01	2.95515E-01	3.22937E-01	3.20311E-01	2.89176E-01
20	0.55	2.06068E-01	2.13592E-01	2.25263E-01	2.23765E-01	2.01612E-01	1.98347E-01	2.21890E-01	2.19424E-01	1.93614E-01
20	0.60	1.30814E-01	1.35868E-01	1.46744E-01	1.46139E-01	1.32666E-01	1.30393E-01	1.47908E-01	1.45819E-01	1.25843E-01
20	0.65	7.86622E-02	8.18738E-02	9.14367E-02	9.13861E-02	8.49398E-02	8.35523E-02	9.48170E-02	9.31937E-02	7.89723E-02
20	0.70	4.40234E-02	4.61266E-02	5.39932E-02	5.42321E-02	5.27074E-02	5.20023E-02	5.77848E-02	5.66235E-02	4.76484E-02
20	0.75	2.23290E-02	2.38970E-02	2.98823E-02	3.02227E-02	3.16081E-02	3.13596E-02	3.29336E-02	3.21755E-02	2.76055E-02
20	0.80	9.82630E-03	1.11245E-02	1.52725E-02	1.55985E-02	1.82921E-02	1.82897E-02	1.69304E-02	1.64923E-02	1.41913E-02
20	0.85	3.45988E-03	4.47613E-03	7.06862E-03	7.33023E-03	1.02005E-02	1.03066E-02	7.77060E-03	7.54807E-03	6.51346E-03
20	0.90	8.15468E-04	1.41941E-03	2.84457E-03	3.03905E-03	5.47631E-03	5.60586E-03	2.91388E-03	2.82270E-03	2.44247E-03
20	0.95	7.42888E-05	2.48304E-04	8.93156E-04	1.05124E-03	2.86563E-03	2.97162E-03	7.64692E-04	7.38830E-04	6.40979E-04
