0.5	0.05	7.85709E-01	7.33091E-01	7.37434E-01	7.10378E-01	9.14583E-01	9.86587E-01	7.87674E-01	7.87674E-01	7.75764E-01
0.5	0.10	8.22998E-01	7.38313E-01	7.45963E-01	7.08397E-01	1.09728E+00	1.19984E+00	8.57245E-01	8.57245E-01	8.87077E-01
0.5	0.15	8.37585E-01	7.49591E-01	7.47624E-01	7.05582E-01	1.20730E+00	1.33028E+00	8.66277E-01	8.66277E-01	8.99369E-01
0.5	0.20	8.36209E-01	7.60399E-01	7.30843E-01	6.91514E-01	1.28363E+00	1.42093E+00	8.39315E-01	8.39315E-01	8.60214E-01
0.5	0.25	8.15892E-01	7.63490E-01	6.94199E-01	6.64469E-01	1.31521E+00	1.46443E+00	7.95579E-01	7.95579E-01	8.00146E-01
0.5	0.30	7.75043E-01	7.53276E-01	6.41284E-01	6.27037E-01	1.29720E+00	1.44547E+00	7.46162E-01	7.46162E-01	7.34701E-01
0.5	0.35	7.15396E-01	7.26898E-01	5.79957E-01	5.85740E-01	1.23476E+00	1.36926E+00	6.97428E-01	6.97428E-01	6.71555E-01
0.5	0.40	6.40371E-01	6.84140E-01	5.16387E-01	5.45352E-01	1.14030E+00	1.25300E+00	6.51984E-01	6.51984E-01	6.13394E-01
0.5	0.45	5.54546E-01	6.24306E-01	4.55643E-01	5.10682E-01	1.02337E+00	1.11138E+00	6.11160E-01	6.11160E-01	5.61244E-01
0.5	0.50	4.62722E-01	5.48575E-01	4.00028E-01	4.83429E-01	8.51554E-01	9.14496E-01	5.74608E-01	5.74608E-01	5.14537E-01
0.5	0.55	3.70434E-01	4.61670E-01	3.50501E-01	4.65400E-01	6.81670E-01	7.41003E-01	5.41658E-01	5.41658E-01	4.72634E-01
0.5	0.60	2.82588E-01	3.68633E-01	3.07136E-01	4.57203E-01	6.16057E-01	6.60107E-01	5.13328E-01	5.13328E-01	4.36749E-01
0.5	0.65	2.03623E-01	2.76862E-01	2.69598E-01	4.59752E-01	6.13403E-01	5.87521E-01	4.88101E-01	4.88101E-01	4.06536E-01
0.5	0.70	1.36715E-01	1.93600E-01	2.37303E-01	4.71098E-01	6.30569E-01	6.22978E-01	4.65556E-01	4.65556E-01	3.83890E-01
0.5	0.75	8.37079E-02	1.24025E-01	2.09635E-01	5.03458E-01	6.45593E-01	6.88257E-01	4.45412E-01	4.45412E-01	3.73353E-01
0.5	0.80	4.51097E-02	7.16099E-02	1.85840E-01	5.49454E-01	6.28541E-01	6.22095E-01	4.27850E-01	4.27850E-01	3.58632E-01
0.5	0.85	2.00017E-02	3.63520E-02	1.65325E-01	6.23795E-01	6.93774E-01	6.47380E-01	4.12102E-01	4.12102E-01	3.45431E-01
0.5	0.90	6.28438E-03	1.54287E-02	1.47687E-01	7.76344E-01	5.65989E-01	5.79657E-01	3.97890E-01	3.97890E-01	3.33519E-01
0.5	0.95	8.78315E-04	4.38712E-03	1.32567E-01	1.34293E+00	5.00358E-01	6.42993E-01	3.85032E-01	3.85032E-01	3.22741E-01
1	0.05	1.16635E+00	1.13308E+00	1.13644E+00	1.11549E+00	1.26462E+00	1.31036E+00	1.00287E+00	1.00287E+00	9.87702E-01
1	0.10	1.18995E+00	1.15348E+00	1.16074E+00	1.13260E+00	1.37749E+00	1.47132E+00	1.03604E+00	1.03604E+00	1.07209E+00
1	0.15	1.18864E+00	1.15737E+00	1.16064E+00	1.13023E+00	1.41275E+00	1.49736E+00	1.00220E+00	1.00220E+00	1.04048E+00
1	0.20	1.16788E+00	1.14655E+00	1.13376E+00	1.10649E+00	1.38280E+00	1.46687E+00	9.71292E-01	9.71292E-01	9.95477E-01
1	0.25	1.12193E+00	1.11507E+00	1.07682E+00	1.05792E+00	1.31068E+00	1.38629E+00	9.17461E-01	9.17461E-01	9.22727E-01
1	0.30	1.04932E+00	1.06053E+00	9.94240E-01	9.88112E-01	1.20376E+00	1.26627E+00	8.50252E-01	8.50252E-01	8.37192E-01
1	0.35	9.53336E-01	9.84515E-01	8.95050E-01	9.05027E-01	1.07726E+00	1.12428E+00	7.80189E-01	7.80189E-01	7.51246E-01
1	0.40	8.39829E-01	8.89858E-01	7.88995E-01	8.17125E-01	9.44484E-01	9.78189E-01	7.11393E-01	7.11393E-01	6.69287E-01
1	0.45	7.15569E-01	7.79752E-01	6.83838E-01	7.31443E-01	8.13817E-01	8.36315E-01	6.46722E-01	6.46722E-01	5.93902E-01
1	0.50	5.87648E-01	6.58729E-01	5.84898E-01	6.52413E-01	6.74127E-01	7.03316E-01	5.86339E-01	5.86339E-01	5.25041E-01
1	0.55	4.62976E-01	5.33068E-01	4.95258E-01	5.83051E-01	5.80289E-01	5.94474E-01	5.32419E-01	5.32419E-01	4.64572E-01
1	0.60	3.47488E-01	4.09839E-01	4.16286E-01	5.24676E-01	5.16792E-01	5.48787E-01	4.83460E-01	4.83460E-01	4.11337E-01
1	0.65	2.46225E-01	2.96759E-01	3.48085E-01	4.77490E-01	4.16010E-01	5.03099E-01	4.40277E-01	4.40277E-01	3.66703E-01
1	0.70	1.62396E-01	2.00181E-01	2.90171E-01	4.41876E-01	4.55685E-01	4.77279E-01	4.01705E-01	4.01705E-01	3.31240E-01
1	0.75	9.75340E-02	1.23926E-01	2.41500E-01	4.17378E-01	4.54415E-01	4.74351E-01	3.67434E-01	3.67434E-01	3.07990E-01
1	0.80	5.14184E-02	6.91161E-02	2.00933E-01	4.04557E-01	3.74060E-01	5.12176E-01	3.37241E-01	3.37241E-01	2.82682E-01
1	0.85	2.22018E-02	3.37908E-02	1.67332E-01	4.07498E-01	2.32514E-01	3.79934E-01	3.10332E-01	3.10332E-01	2.60126E-01
1	0.90	6.73539E-03	1.36781E-02	1.39565E-01	4.48513E-01	4.54369E-01	3.36689E-01	2.86356E-01	2.86356E-01	2.40028E-01
1	0.95	8.94809E-04	3.58807E-03	1.16629E-01	6.75229E-01	3.43572E-01	3.46729E-01	2.65145E-01	2.65145E-01	2.22250E-01
2	0.05	1.27190E+00	1.26252E+00	1.26449E+00	1.25281E+00	1.41156E+00	1.45071E+00	1.15691E+00	1.15691E+00	1.13941E+00
2	0.10	1.23328E+00	1.22943E+00	1.23405E+00	1.22019E+00	1.40989E+00	1.49231E+00	1.14926E+00	1.14926E+00	1.18925E+00
2	0.15	1.19055E+00	1.19130E+00	1.19530E+00	1.18171E+00	1.37314E+00	1.44759E+00	1.11052E+00	1.11052E+00	1.15294E+00
2	0.20	1.13615E+00	1.14065E+00	1.13903E+00	1.12825E+00	1.28999E+00	1.34844E+00	1.04014E+00	1.04014E+00	1.06604E+00
2	0.25	1.06144E+00	1.07101E+00	1.05981E+00	1.05416E+00	1.17266E+00	1.22119E+00	9.29133E-01	9.29133E-01	9.34467E-01
2	0.30	9.65718E-01	9.82511E-01	9.60635E-01	9.61925E-01	1.03881E+00	1.07224E+00	8.41830E-01	8.41830E-01	8.28900E-01
2	0.35	8.53495E-01	8.78960E-01	8.48852E-01	8.58276E-01	8.99824E-01	9.19044E-01	7.51601E-01	7.51601E-01	7.23718E-01
2	0.40	7.31286E-01	7.64743E-01	7.32149E-01	7.50175E-01	7.63242E-01	7.72272E-01	6.63495E-01	6.63495E-01	6.24224E-01
2	0.45	6.05931E-01	6.44557E-01	6.17361E-01	6.43967E-01	6.36641E-01	6.38724E-01	5.79391E-01	5.79391E-01	5.32070E-01
2	0.50	4.83794E-01	5.23405E-01	5.09629E-01	5.44150E-01	5.17629E-01	5.17196E-01	5.00467E-01	5.00467E-01	4.48146E-01
2	0.55	3.70386E-01	4.07002E-01	4.12391E-01	4.53903E-01	4.18561E-01	4.15642E-01	4.29104E-01	4.29104E-01	3.74423E-01
2	0.60	2.69956E-01	3.00644E-01	3.27809E-01	3.75211E-01	3.40678E-01	3.37614E-01	3.67073E-01	3.67073E-01	3.12313E-01
2	0.65	1.85539E-01	2.09093E-01	2.56334E-01	3.08416E-01	2.80406E-01	2.77803E-01	3.11205E-01	3.11205E-01	2.59201E-01
2	0.70	1.18450E-01	1.35389E-01	1.97436E-01	2.53124E-01	2.36016E-01	2.38580E-01	2.63466E-01	2.63466E-01	2.17249E-01
2	0.75	6.86601E-02	8.04062E-02	1.50097E-01	2.08519E-01	2.05016E-01	1.92403E-01	2.20848E-01	2.20848E-01	1.85119E-01
2	0.80	3.47576E-02	4.29390E-02	1.12811E-01	1.73529E-01	1.83924E-01	1.64890E-01	1.85778E-01	1.85778E-01	1.55722E-01
2	0.85	1.42898E-02	1.99971E-02	8.39078E-02	1.47866E-01	1.57438E-01	1.35331E-01	1.55806E-01	1.55806E-01	1.30600E-01
2	0.90	4.06151E-03	7.58753E-03	6.18350E-02	1.35187E-01	8.55642E-02	1.48140E-01	1.30315E-01	1.30315E-01	1.09232E-01
2	0.95	4.85918E-04	1.76976E-03	4.51913E-02	1.62962E-01	1.14649E-01	1.14649E-01	1.08287E-01	1.08287E-01	9.07681E-02
5	0.05	1.42103E+00	1.44018E+00	1.44115E+00	1.43589E+00	1.62160E+00	1.67124E+00	1.31494E+00	1.31494E+00	1.29506E+00
5	0.10	1.28651E+00	1.30548E+00	1.30778E+00	1.30241E+00	1.47563E+00	1.54685E+00	1.23760E+00	1.23760E+00	1.28067E+00
5	0.15	1.19132E+00	1.20921E+00	1.21172E+00	1.20707E+00	1.35042E+00	1.41681E+00	1.16095E+00	1.16095E+00	1.20530E+00
5	0.20	1.09889E+00	1.11454E+00	1.11564E+00	1.11256E+00	1.21434E+00	1.26083E+00	1.06106E+00	1.06106E+00	1.08749E+00
5	0.25	9.94888E-01	1.00983E+00	1.00828E+00	1.00752E+00	1.06455E+00	1.09636E+00	9.50453E-01	9.50453E-01	9.55909E-01
5	0.30	8.78290E-01	8.94956E-01	8.90487E-01	8.92536E-01	9.11523E-01	9.31009E-01	8.31687E-01	8.31687E-01	8.18912E-01
5	0.35	7.53723E-01	7.73651E-01	7.67172E-01	7.72270E-01	7.64473E-01	7.72697E-01	7.15114E-01	7.15114E-01	6.88585E-01
5	0.40	6.27372E-01	6.50299E-01	6.43904E-01	6.51987E-01	6.27922E-01	6.28745E-01	6.03682E-01	6.03682E-01	5.67951E-01
5	0.45	5.05116E-01	5.29291E-01	5.25726E-01	5.36523E-01	5.03873E-01	5.00894E-01	4.89997E-01	4.89997E-01	4.49977E-01
5	0.50	3.91894E-01	4.14894E-01	4.16756E-01	4.29700E-01	3.93967E-01	3.89619E-01	4.01631E-01	4.01631E-01	3.59643E-01
5	0.55	2.91473E-01	3.11266E-01	3.20194E-01	3.34614E-01	3.01569E-01	2.97313E-01	3.22090E-01	3.22090E-01	2.81046E-01
5	0.60	2.06245E-01	2.21726E-01	2.38182E-01	2.53319E-01	2.27392E-01	2.23663E-01	2.52473E-01	2.52473E-01	2.14809E-01
5	0.65	1.37431E-01	1.48680E-01	1.71162E-01	1.86236E-01	1.68670E-01	1.65790E-01	1.93483E-01	1.93483E-01	1.61150E-01
5	0.70	8.49107E-02	9.27370E-02	1.18644E-01	1.32999E-01	1.23348E-01	1.20953E-01	1.44843E-01	1.44843E-01	1.19435E-01
5	0.75	4.74708E-02	5.29923E-02	7.91983E-02	9.23182E-02	8.87053E-02	8.73867E-02	1.05632E-01	1.05632E-01	8.85427E-02
5	0.80	2.30567E-02	2.71618E-02	5.07645E-02	6.23331E-02	6.62454E-02	6.10738E-02	7.44981E-02	7.44981E-02	6.24457E-02
5	0.85	9.01420E-03	1.20736E-02	3.11593E-02	4.12220E-02	4.28224E-02	4.39079E-02	5.06931E-02	5.06931E-02	4.24919E-02
5	0.90	2.39620E-03	4.29962E-03	1.82475E-02	2.74948E-02	4.08224E-02	3.16907E-02	3.29000E-02	3.29000E-02	2.75774E-02
5	0.95	2.57392E-04	8.93653E-04	1.01053E-02	2.15161E-02	2.22307E-02	2.13943E-02	2.03212E-02	2.03212E-02	1.70336E-02
10	0.05	1.50609E+00	1.53951E+00	1.54005E+00	1.53634E+00	1.74392E+00	1.80696E+00	1.40422E+00	1.40422E+00	1.38299E+00
10	0.10	1.30823E+00	1.33751E+00	1.33878E+00	1.33534E+00	1.51034E+00	1.57934E+00	1.27556E+00	1.27556E+00	1.31995E+00
10	0.15	1.18120E+00	1.20603E+00	1.20751E+00	1.20478E+00	1.33490E+00	1.39526E+00	1.17177E+00	1.17177E+00	1.21654E+00
10	0.20	1.06688E+00	1.08680E+00	1.08777E+00	1.08624E+00	1.16874E+00	1.21059E+00	1.05548E+00	1.05548E+00	1.08176E+00
10	0.25	9.47354E-01	9.64285E-01	9.64236E-01	9.64304E-01	1.00297E+00	1.02931E+00	9.30387E-01	9.30387E-01	9.35727E-01
10	0.30	8.21019E-01	8.37477E-01	8.36319E-01	8.38217E-01	8.42638E-01	8.57120E-01	8.02956E-01	8.02956E-01	7.90623E-01
10	0.35	6.92135E-01	7.09694E-01	7.07876E-01	7.11657E-01	6.93689E-01	6.98742E-01	6.78491E-01	6.78491E-01	6.53321E-01
10	0.40	5.66151E-01	5.84685E-01	5.83149E-01	5.88685E-01	5.58986E-01	5.58024E-01	5.61157E-01	5.61157E-01	5.27943E-01
10	0.45	4.48063E-01	4.66314E-01	4.66285E-01	4.73306E-01	4.39319E-01	4.35630E-01	4.53427E-01	4.53427E-01	4.16394E-01
10	0.50	3.41705E-01	3.58121E-01	3.60634E-01	3.68694E-01	3.35427E-01	3.31153E-01	3.57192E-01	3.57192E-01	3.19850E-01
10	0.55	2.49773E-01	2.63113E-01	2.68828E-01	2.77428E-01	2.49602E-01	2.45703E-01	2.73659E-01	2.73659E-01	2.38787E-01
10	0.60	1.73613E-01	1.83528E-01	1.92343E-01	2.00943E-01	1.81209E-01	1.78075E-01	2.03176E-01	2.03176E-01	1.72866E-01
10	0.65	1.13556E-01	1.20430E-01	1.31530E-01	1.39624E-01	1.28187E-01	1.25806E-01	1.43518E-01	1.43518E-01	1.19535E-01
10	0.70	6.87675E-02	7.34718E-02	8.55126E-02	9.26977E-02	8.79013E-02	8.65647E-02	9.90228E-02	9.90228E-02	8.16527E-02
10	0.75	3.76040E-02	4.10243E-02	5.25339E-02	5.85518E-02	5.85434E-02	5.71021E-02	6.48990E-02	6.48990E-02	5.43995E-02
10	0.80	1.78043E-02	2.05176E-02	3.02331E-02	3.49859E-02	3.80207E-02	3.78512E-02	3.99356E-02	3.99356E-02	3.34748E-02
10	0.85	6.74783E-03	8.86179E-03	1.61403E-02	1.97373E-02	2.41173E-02	2.40311E-02	2.25619E-02	2.25619E-02	1.89118E-02
10	0.90	1.72102E-03	3.03380E-03	7.85378E-03	1.06137E-02	1.44401E-02	1.43419E-02	1.13536E-02	1.13536E-02	9.51683E-03
10	0.95	1.72890E-04	5.87034E-04	3.34192E-03	5.98126E-03	8.70130E-03	9.93061E-03	4.81904E-03	4.81904E-03	4.03941E-03
20	0.05	1.57316E+00	1.61727E+00	1.61756E+00	1.61574E+00	1.83806E+00	1.91204E+00	1.46693E+00	1.46693E+00	1.44475E+00
20	0.10	1.31992E+00	1.35623E+00	1.35691E+00	1.35535E+00	1.53132E+00	1.59973E+00	1.29627E+00	1.29627E+00	1.34138E+00
20	0.15	1.16633E+00	1.19565E+00	1.19646E+00	1.19533E+00	1.31727E+00	1.37280E+00	1.16981E+00	1.16981E+00	1.21450E+00
20	0.20	1.03452E+00	1.05710E+00	1.05773E+00	1.05721E+00	1.12821E+00	1.16620E+00	1.03859E+00	1.03859E+00	1.06445E+00
20	0.25	9.03457E-01	9.21591E-01	9.21823E-01	9.22073E-01	9.50532E-01	9.73526E-01	9.03787E-01	9.03787E-01	9.08975E-01
20	0.30	7.70695E-01	7.87010E-01	7.86818E-01	7.87906E-01	7.85372E-01	7.96924E-01	7.70285E-01	7.70285E-01	7.58454E-01
20	0.35	6.39916E-01	6.55841E-01	6.55446E-01	6.57359E-01	6.35896E-01	6.39178E-01	6.42426E-01	6.42426E-01	6.18593E-01
20	0.40	5.15789E-01	5.31416E-01	5.31233E-01	5.33875E-01	5.03570E-01	5.01897E-01	5.23418E-01	5.23418E-01	4.92437E-01
20	0.45	4.02244E-01	4.16749E-01	4.17304E-01	4.20524E-01	3.88393E-01	3.84647E-01	4.15485E-01	4.15485E-01	3.81551E-01
20	0.50	3.02324E-01	3.14571E-01	3.16304E-01	3.19878E-01	2.90474E-01	2.86505E-01	3.20575E-01	3.20575E-01	2.87061E-01
20	0.55	2.17739E-01	2.27122E-01	2.30253E-01	2.33940E-01	2.10909E-01	2.07492E-01	2.39183E-01	2.39183E-01	2.08704E-01
20	0.60	1.49053E-01	1.55630E-01	1.60038E-01	1.63593E-01	1.48534E-01	1.45964E-01	1.71603E-01	1.71603E-01	1.46003E-01
20	0.65	9.59367E-02	1.00292E-01	1.05529E-01	1.08736E-01	1.01092E-01	9.94077E-02	1.17515E-01	1.17515E-01	9.78772E-02
20	0.70	5.71010E-02	6.00478E-02	6.54765E-02	6.81812E-02	6.63081E-02	6.53911E-02	7.60101E-02	7.60101E-02	6.26767E-02
20	0.75	3.06286E-02	3.28794E-02	3.78402E-02	3.99641E-02	4.18340E-02	4.14841E-02	4.57187E-02	4.57187E-02	3.83222E-02
20	0.80	1.41835E-02	1.60979E-02	2.00848E-02	2.16288E-02	2.53804E-02	2.53503E-02	2.46807E-02	2.46807E-02	2.06878E-02
20	0.85	5.23195E-03	6.78230E-03	9.60751E-03	1.06552E-02	1.47919E-02	1.49149E-02	1.18432E-02	1.18432E-02	9.92721E-03
20	0.90	1.28674E-03	2.24284E-03	3.97876E-03	4.66582E-03	8.27374E-03	8.43492E-03	4.62500E-03	4.62500E-03	3.87676E-03
20	0.95	1.21871E-04	4.07628E-04	1.28076E-03	1.78149E-03	4.53502E-03	4.66145E-03	1.25959E-03	1.25959E-03	1.05581E-03
